//Look up table 1 for Mu in order statistics
class MuLut1{
	protected double[][] mu = {{0.00000,0.00000,0.00000,0.00000,0.00000,0.00000,0.00000,0.00000,0.00000,0.00000,0.00000,0.00000,0.00000,0.00000,0.00000,0.00000,0.00000,0.00000,0.00000,0.00000,0.00000,0.00000,0.00000,0.00000,0.00000,0.00000,0.00000,0.00000,0.00000,0.00000,0.00000,0.00000,0.00000,0.00000,0.00000,0.00000,0.00000,0.00000,0.00000,0.00000,0.00000,0.00000,0.00000,0.00000,0.00000,0.00000,0.00000,0.00000,0.00000,0.00000,0.00000,0.00000,0.00000,0.00000,0.00000,0.00000,0.00000,0.00000,0.00000,0.00000,0.00000,0.00000,0.00000,0.00000,0.00000,0.00000,0.00000,0.00000,0.00000,0.00000,0.00000,0.00000,0.00000,0.00000,0.00000,0.00000,0.00000,0.00000,0.00000,0.00000,0.00000,0.00000,0.00000,0.00000,0.00000,0.00000,0.00000,0.00000,0.00000,0.00000,0.00000,0.00000,0.00000,0.00000,0.00000,0.00000,0.00000,0.00000,0.00000,0.00000},
				{0.00000,0.00000,0.00000,0.00000,0.00000,0.00000,0.00000,0.00000,0.00000,0.00000,0.00000,0.00000,0.00000,0.00000,0.00000,0.00000,0.00000,0.00000,0.00000,0.00000,0.00000,0.00000,0.00000,0.00000,0.00000,0.00000,0.00000,0.00000,0.00000,0.00000,0.00000,0.00000,0.00000,0.00000,0.00000,0.00000,0.00000,0.00000,0.00000,0.00000,0.00000,0.00000,0.00000,0.00000,0.00000,0.00000,0.00000,0.00000,0.00000,0.00000,0.00000,0.00000,0.00000,0.00000,0.00000,0.00000,0.00000,0.00000,0.00000,0.00000,0.00000,0.00000,0.00000,0.00000,0.00000,0.00000,0.00000,0.00000,0.00000,0.00000,0.00000,0.00000,0.00000,0.00000,0.00000,0.00000,0.00000,0.00000,0.00000,0.00000,0.00000,0.00000,0.00000,0.00000,0.00000,0.00000,0.00000,0.00000,0.00000,0.00000,0.00000,0.00000,0.00000,0.00000,0.00000,0.00000,0.00000,0.00000,0.00000,0.00000},
				{0.00000,0.00000,0.00000,0.00000,0.00000,0.00000,0.00000,0.00000,0.00000,0.00000,0.00000,0.00000,0.00000,0.00000,0.00000,0.00000,0.00000,0.00000,0.00000,0.00000,0.00000,0.00000,0.00000,0.00000,0.00000,0.00000,0.00000,0.00000,0.00000,0.00000,0.00000,0.00000,0.00000,0.00000,0.00000,0.00000,0.00000,0.00000,0.00000,0.00000,0.00000,0.00000,0.00000,0.00000,0.00000,0.00000,0.00000,0.00000,0.00000,0.00000,0.00000,0.00000,0.00000,0.00000,0.00000,0.00000,0.00000,0.00000,0.00000,0.00000,0.00000,0.00000,0.00000,0.00000,0.00000,0.00000,0.00000,0.00000,0.00000,0.00000,0.00000,0.00000,0.00000,0.00000,0.00000,0.00000,0.00000,0.00000,0.00000,0.00000,0.00000,0.00000,0.00000,0.00000,0.00000,0.00000,0.00000,0.00000,0.00000,0.00000,0.00000,0.00000,0.00000,0.00000,0.00000,0.00000,0.00000,0.00000,0.00000,0.00000},
				{0.00000,0.00000,0.00000,1.28660,1.31890,1.35010,1.37960,1.40750,1.43380,1.45860,1.48200,1.50420,1.52520,1.54520,1.56420,1.58230,1.59970,1.61630,1.63220,1.64750,1.66210,1.67630,1.68990,1.70300,1.71570,1.72800,1.73990,1.75140,1.76260,1.77350,1.78400,1.79420,1.80420,1.81390,1.82340,1.83260,1.84150,1.85030,1.85890,1.86720,1.87540,1.88340,1.89120,1.89880,1.90630,1.91370,1.92090,1.92790,1.93480,1.94160,1.94820,1.95480,1.96120,1.96750,1.97360,1.97970,1.98570,1.99160,1.99730,2.00300,2.00860,2.01410,2.01950,2.02490,2.03010,2.03530,2.04040,2.04540,2.05040,2.05530,2.06010,2.06480,2.06950,2.07420,2.07870,2.08320,2.08770,2.09210,2.09640,2.10070,2.10490,2.10910,2.11320,2.11730,2.12130,2.12530,2.12920,2.13310,2.13690,2.14070,2.14450,2.14820,2.15190,2.15550,2.15910,2.16270,2.16620,2.16970,2.17310,2.17660},
				{0.00000,0.00000,0.00000,1.31890,1.34050,1.36300,1.38540,1.40730,1.42850,1.44890,1.46850,1.48730,1.50530,1.52260,1.53920,1.55520,1.57050,1.58530,1.59960,1.61340,1.62670,1.63950,1.65190,1.66400,1.67560,1.68700,1.69800,1.70860,1.71900,1.72910,1.73890,1.74850,1.75790,1.76700,1.77580,1.78450,1.79300,1.80130,1.80940,1.81730,1.82510,1.83260,1.84010,1.84740,1.85450,1.86150,1.86840,1.87510,1.88170,1.88820,1.89460,1.90090,1.90700,1.91310,1.91900,1.92490,1.93070,1.93630,1.94190,1.94740,1.95280,1.95810,1.96340,1.96850,1.97360,1.97870,1.98360,1.98850,1.99330,1.99800,2.00270,2.00740,2.01190,2.01640,2.02090,2.02520,2.02960,2.03390,2.03810,2.04230,2.04640,2.05050,2.05450,2.05850,2.06240,2.06630,2.07020,2.07400,2.07770,2.08150,2.08520,2.08880,2.09240,2.09600,2.09950,2.10300,2.10650,2.10990,2.11330,2.11660},
				{0.00000,0.00000,0.00000,1.35010,1.36300,1.37840,1.39490,1.41180,1.42870,1.44540,1.46170,1.47750,1.49300,1.50790,1.52240,1.53650,1.55010,1.56330,1.57610,1.58850,1.60050,1.61220,1.62360,1.63460,1.64530,1.65580,1.66600,1.67590,1.68550,1.69490,1.70410,1.71310,1.72180,1.73040,1.73870,1.74690,1.75490,1.76270,1.77040,1.77790,1.78530,1.79250,1.79960,1.80650,1.81330,1.82000,1.82660,1.83300,1.83930,1.84560,1.85170,1.85770,1.86360,1.86940,1.87520,1.88080,1.88640,1.89180,1.89720,1.90250,1.90770,1.91290,1.91800,1.92300,1.92790,1.93280,1.93760,1.94230,1.94700,1.95160,1.95620,1.96060,1.96510,1.96950,1.97380,1.97810,1.98230,1.98650,1.99060,1.99470,1.99870,2.00270,2.00660,2.01050,2.01430,2.01820,2.02190,2.02560,2.02930,2.03300,2.03660,2.04020,2.04370,2.04720,2.05070,2.05410,2.05750,2.06080,2.06420,2.06750},
				{0.00000,0.00000,0.00000,1.37960,1.38540,1.39490,1.40650,1.41910,1.43230,1.44570,1.45920,1.47250,1.48560,1.49860,1.51120,1.52350,1.53560,1.54740,1.55880,1.57000,1.58090,1.59150,1.60190,1.61200,1.62190,1.63150,1.64090,1.65010,1.65910,1.66780,1.67640,1.68480,1.69300,1.70110,1.70890,1.71660,1.72420,1.73160,1.73880,1.74600,1.75300,1.75980,1.76660,1.77320,1.77970,1.78600,1.79230,1.79850,1.80460,1.81050,1.81640,1.82220,1.82790,1.83350,1.83900,1.84440,1.84980,1.85500,1.86020,1.86530,1.87040,1.87540,1.88030,1.88510,1.88990,1.89460,1.89930,1.90390,1.90840,1.91290,1.91730,1.92170,1.92600,1.93020,1.93450,1.93860,1.94270,1.94680,1.95080,1.95480,1.95870,1.96260,1.96640,1.97020,1.97400,1.97770,1.98140,1.98510,1.98870,1.99220,1.99580,1.99930,2.00270,2.00610,2.00950,2.01290,2.01620,2.01950,2.02280,2.02600},
				{0.00000,0.00000,0.00000,1.40750,1.40730,1.41180,1.41910,1.42810,1.43810,1.44870,1.45960,1.47070,1.48180,1.49280,1.50380,1.51460,1.52530,1.53570,1.54600,1.55610,1.56590,1.57560,1.58510,1.59430,1.60340,1.61230,1.62100,1.62950,1.63780,1.64600,1.65400,1.66190,1.66960,1.67710,1.68450,1.69180,1.69890,1.70590,1.71280,1.71960,1.72620,1.73270,1.73910,1.74540,1.75160,1.75770,1.76370,1.76960,1.77540,1.78120,1.78680,1.79230,1.79780,1.80320,1.80850,1.81370,1.81890,1.82400,1.82900,1.83390,1.83880,1.84360,1.84840,1.85300,1.85770,1.86220,1.86680,1.87120,1.87560,1.88000,1.88420,1.88850,1.89270,1.89680,1.90090,1.90500,1.90900,1.91290,1.91690,1.92070,1.92460,1.92840,1.93210,1.93580,1.93950,1.94310,1.94670,1.95030,1.95380,1.95730,1.96070,1.96420,1.96760,1.97090,1.97420,1.97750,1.98080,1.98400,1.98720,1.99040},
				{0.00000,0.00000,0.00000,1.43380,1.42850,1.42870,1.43230,1.43810,1.44520,1.45330,1.46200,1.47110,1.48040,1.48980,1.49920,1.50870,1.51800,1.52730,1.53650,1.54550,1.55440,1.56320,1.57180,1.58030,1.58870,1.59680,1.60490,1.61280,1.62050,1.62820,1.63560,1.64300,1.65020,1.65730,1.66430,1.67110,1.67790,1.68450,1.69100,1.69740,1.70370,1.70990,1.71600,1.72200,1.72790,1.73380,1.73950,1.74510,1.75070,1.75620,1.76160,1.76690,1.77220,1.77730,1.78240,1.78750,1.79240,1.79730,1.80220,1.80700,1.81170,1.81630,1.82090,1.82550,1.82990,1.83440,1.83870,1.84310,1.84730,1.85150,1.85570,1.85980,1.86390,1.86790,1.87190,1.87590,1.87980,1.88360,1.88740,1.89120,1.89490,1.89860,1.90230,1.90590,1.90950,1.91300,1.91660,1.92000,1.92350,1.92690,1.93030,1.93360,1.93690,1.94020,1.94350,1.94670,1.94990,1.95310,1.95620,1.95930},
				{0.00000,0.00000,0.00000,1.45860,1.44890,1.44540,1.44570,1.44870,1.45330,1.45920,1.46590,1.47320,1.48080,1.48870,1.49680,1.50490,1.51310,1.52130,1.52950,1.53760,1.54560,1.55360,1.56140,1.56920,1.57680,1.58440,1.59180,1.59910,1.60630,1.61340,1.62040,1.62730,1.63410,1.64070,1.64730,1.65370,1.66010,1.66640,1.67250,1.67860,1.68460,1.69050,1.69630,1.70200,1.70770,1.71320,1.71870,1.72410,1.72940,1.73470,1.73990,1.74500,1.75000,1.75500,1.75990,1.76480,1.76950,1.77430,1.77890,1.78360,1.78810,1.79260,1.79700,1.80140,1.80580,1.81010,1.81430,1.81850,1.82260,1.82670,1.83080,1.83480,1.83870,1.84260,1.84650,1.85040,1.85420,1.85790,1.86160,1.86530,1.86890,1.87250,1.87610,1.87960,1.88310,1.88660,1.89000,1.89340,1.89680,1.90010,1.90340,1.90670,1.91000,1.91320,1.91640,1.91950,1.92260,1.92570,1.92880,1.93190},
				{0.00000,0.00000,0.00000,1.48200,1.46850,1.46170,1.45920,1.45960,1.46200,1.46590,1.47080,1.47640,1.48260,1.48910,1.49590,1.50290,1.51000,1.51720,1.52440,1.53170,1.53890,1.54610,1.55320,1.56030,1.56730,1.57420,1.58110,1.58790,1.59460,1.60120,1.60770,1.61410,1.62050,1.62670,1.63290,1.63900,1.64500,1.65090,1.65670,1.66250,1.66820,1.67380,1.67930,1.68480,1.69020,1.69550,1.70070,1.70590,1.71100,1.71600,1.72100,1.72590,1.73070,1.73550,1.74020,1.74490,1.74950,1.75410,1.75860,1.76300,1.76740,1.77180,1.77610,1.78030,1.78450,1.78870,1.79280,1.79680,1.80090,1.80480,1.80880,1.81260,1.81650,1.82030,1.82410,1.82780,1.83150,1.83510,1.83880,1.84230,1.84590,1.84940,1.85290,1.85630,1.85970,1.86310,1.86650,1.86980,1.87310,1.87630,1.87960,1.88280,1.88590,1.88910,1.89220,1.89530,1.89840,1.90140,1.90440,1.90740},
				{0.00000,0.00000,0.00000,1.50420,1.48730,1.47750,1.47250,1.47070,1.47110,1.47320,1.47640,1.48050,1.48530,1.49060,1.49630,1.50220,1.50830,1.51460,1.52100,1.52740,1.53380,1.54030,1.54680,1.55320,1.55960,1.56600,1.57230,1.57860,1.58480,1.59090,1.59700,1.60300,1.60890,1.61480,1.62060,1.62640,1.63200,1.63760,1.64320,1.64860,1.65400,1.65930,1.66460,1.66980,1.67490,1.68000,1.68500,1.68990,1.69480,1.69960,1.70440,1.70910,1.71380,1.71840,1.72290,1.72740,1.73190,1.73630,1.74060,1.74490,1.74920,1.75340,1.75750,1.76160,1.76570,1.76970,1.77370,1.77760,1.78150,1.78540,1.78920,1.79300,1.79670,1.80040,1.80410,1.80770,1.81130,1.81480,1.81840,1.82190,1.82530,1.82870,1.83210,1.83550,1.83880,1.84210,1.84540,1.84860,1.85180,1.85500,1.85820,1.86130,1.86440,1.86750,1.87050,1.87360,1.87660,1.87950,1.88250,1.88540},
				{0.00000,0.00000,0.00000,1.52520,1.50530,1.49300,1.48560,1.48180,1.48040,1.48080,1.48260,1.48530,1.48890,1.49300,1.49760,1.50250,1.50770,1.51320,1.51870,1.52440,1.53010,1.53590,1.54180,1.54760,1.55350,1.55930,1.56510,1.57090,1.57660,1.58230,1.58800,1.59360,1.59920,1.60470,1.61010,1.61550,1.62090,1.62620,1.63140,1.63660,1.64170,1.64670,1.65170,1.65670,1.66160,1.66640,1.67120,1.67590,1.68060,1.68520,1.68980,1.69430,1.69880,1.70320,1.70760,1.71190,1.71620,1.72040,1.72460,1.72880,1.73290,1.73690,1.74100,1.74490,1.74890,1.75280,1.75660,1.76040,1.76420,1.76790,1.77170,1.77530,1.77900,1.78250,1.78610,1.78960,1.79310,1.79660,1.80000,1.80340,1.80680,1.81010,1.81340,1.81670,1.82000,1.82320,1.82640,1.82960,1.83270,1.83580,1.83890,1.84200,1.84500,1.84800,1.85100,1.85390,1.85690,1.85980,1.86270,1.86550},
				{0.00000,0.00000,0.00000,1.54520,1.52260,1.50790,1.49860,1.49280,1.48980,1.48870,1.48910,1.49060,1.49300,1.49610,1.49970,1.50370,1.50810,1.51270,1.51750,1.52240,1.52750,1.53270,1.53790,1.54320,1.54850,1.55390,1.55920,1.56450,1.56980,1.57510,1.58040,1.58560,1.59080,1.59600,1.60110,1.60620,1.61120,1.61620,1.62120,1.62610,1.63090,1.63570,1.64050,1.64520,1.64990,1.65450,1.65900,1.66360,1.66800,1.67250,1.67690,1.68120,1.68550,1.68970,1.69400,1.69810,1.70220,1.70630,1.71040,1.71440,1.71830,1.72220,1.72610,1.73000,1.73380,1.73760,1.74130,1.74500,1.74860,1.75230,1.75590,1.75940,1.76300,1.76650,1.76990,1.77340,1.77680,1.78010,1.78350,1.78680,1.79010,1.79330,1.79650,1.79970,1.80290,1.80610,1.80920,1.81230,1.81530,1.81840,1.82140,1.82440,1.82730,1.83030,1.83320,1.83610,1.83900,1.84180,1.84460,1.84750},
				{0.00000,0.00000,0.00000,1.56420,1.53920,1.52240,1.51120,1.50380,1.49920,1.49680,1.49590,1.49630,1.49760,1.49970,1.50240,1.50550,1.50910,1.51300,1.51710,1.52140,1.52580,1.53040,1.53510,1.53990,1.54470,1.54950,1.55440,1.55930,1.56420,1.56910,1.57400,1.57890,1.58370,1.58850,1.59330,1.59810,1.60290,1.60760,1.61220,1.61690,1.62150,1.62600,1.63060,1.63510,1.63950,1.64390,1.64830,1.65260,1.65690,1.66110,1.66530,1.66950,1.67360,1.67770,1.68170,1.68570,1.68970,1.69370,1.69760,1.70140,1.70520,1.70900,1.71280,1.71650,1.72020,1.72380,1.72740,1.73100,1.73460,1.73810,1.74160,1.74510,1.74850,1.75190,1.75520,1.75860,1.76190,1.76520,1.76840,1.77170,1.77480,1.77800,1.78120,1.78430,1.78740,1.79040,1.79350,1.79650,1.79950,1.80250,1.80540,1.80830,1.81120,1.81410,1.81700,1.81980,1.82260,1.82540,1.82820,1.83090},
				{0.00000,0.00000,0.00000,1.58230,1.55520,1.53650,1.52350,1.51460,1.50870,1.50490,1.50290,1.50220,1.50250,1.50370,1.50550,1.50790,1.51070,1.51390,1.51730,1.52100,1.52490,1.52890,1.53310,1.53730,1.54170,1.54610,1.55050,1.55500,1.55950,1.56410,1.56860,1.57310,1.57760,1.58220,1.58670,1.59110,1.59560,1.60000,1.60450,1.60880,1.61320,1.61750,1.62180,1.62610,1.63030,1.63450,1.63870,1.64280,1.64690,1.65100,1.65500,1.65900,1.66300,1.66690,1.67080,1.67460,1.67850,1.68220,1.68600,1.68970,1.69340,1.69710,1.70070,1.70430,1.70790,1.71140,1.71490,1.71840,1.72180,1.72520,1.72860,1.73200,1.73530,1.73860,1.74190,1.74510,1.74840,1.75150,1.75470,1.75790,1.76100,1.76410,1.76710,1.77020,1.77320,1.77620,1.77910,1.78210,1.78500,1.78790,1.79080,1.79360,1.79650,1.79930,1.80210,1.80490,1.80760,1.81030,1.81310,1.81570},
				{0.00000,0.00000,0.00000,1.59970,1.57050,1.55010,1.53560,1.52530,1.51800,1.51310,1.51000,1.50830,1.50770,1.50810,1.50910,1.51070,1.51280,1.51530,1.51820,1.52130,1.52460,1.52810,1.53180,1.53550,1.53940,1.54340,1.54750,1.55160,1.55570,1.55990,1.56400,1.56820,1.57250,1.57670,1.58090,1.58510,1.58930,1.59350,1.59760,1.60180,1.60590,1.61000,1.61410,1.61810,1.62220,1.62620,1.63010,1.63410,1.63800,1.64190,1.64570,1.64960,1.65340,1.65710,1.66090,1.66460,1.66830,1.67190,1.67560,1.67910,1.68270,1.68620,1.68980,1.69320,1.69670,1.70010,1.70350,1.70690,1.71020,1.71350,1.71680,1.72010,1.72330,1.72650,1.72970,1.73280,1.73600,1.73910,1.74220,1.74520,1.74820,1.75130,1.75420,1.75720,1.76020,1.76310,1.76600,1.76890,1.77170,1.77450,1.77740,1.78010,1.78290,1.78570,1.78840,1.79110,1.79380,1.79650,1.79910,1.80180},
				{0.00000,0.00000,0.00000,1.61630,1.58530,1.56330,1.54740,1.53570,1.52730,1.52130,1.51720,1.51460,1.51320,1.51270,1.51300,1.51390,1.51530,1.51720,1.51950,1.52200,1.52480,1.52780,1.53100,1.53440,1.53780,1.54140,1.54510,1.54880,1.55260,1.55640,1.56020,1.56410,1.56800,1.57200,1.57590,1.57980,1.58380,1.58770,1.59160,1.59550,1.59940,1.60330,1.60720,1.61110,1.61490,1.61870,1.62250,1.62630,1.63000,1.63370,1.63740,1.64110,1.64470,1.64840,1.65200,1.65550,1.65910,1.66260,1.66610,1.66950,1.67300,1.67640,1.67980,1.68310,1.68650,1.68980,1.69310,1.69630,1.69960,1.70280,1.70600,1.70910,1.71230,1.71540,1.71850,1.72160,1.72460,1.72760,1.73060,1.73360,1.73660,1.73950,1.74240,1.74530,1.74820,1.75100,1.75380,1.75670,1.75940,1.76220,1.76500,1.76770,1.77040,1.77310,1.77580,1.77840,1.78100,1.78370,1.78630,1.78880},
				{0.00000,0.00000,0.00000,1.63220,1.59960,1.57610,1.55880,1.54600,1.53650,1.52950,1.52440,1.52100,1.51870,1.51750,1.51710,1.51730,1.51820,1.51950,1.52120,1.52320,1.52550,1.52800,1.53080,1.53370,1.53680,1.53990,1.54320,1.54660,1.55000,1.55350,1.55710,1.56070,1.56430,1.56800,1.57160,1.57530,1.57900,1.58270,1.58640,1.59010,1.59380,1.59740,1.60110,1.60480,1.60840,1.61200,1.61560,1.61920,1.62280,1.62640,1.62990,1.63340,1.63690,1.64040,1.64390,1.64730,1.65070,1.65410,1.65750,1.66080,1.66410,1.66740,1.67070,1.67390,1.67720,1.68040,1.68360,1.68670,1.68980,1.69300,1.69610,1.69910,1.70220,1.70520,1.70820,1.71120,1.71420,1.71710,1.72000,1.72290,1.72580,1.72860,1.73150,1.73430,1.73710,1.73990,1.74260,1.74540,1.74810,1.75080,1.75350,1.75620,1.75880,1.76140,1.76410,1.76660,1.76920,1.77180,1.77430,1.77690},
				{0.00000,0.00000,0.00000,1.64750,1.61340,1.58850,1.57000,1.55610,1.54550,1.53760,1.53170,1.52740,1.52440,1.52240,1.52140,1.52100,1.52130,1.52200,1.52320,1.52470,1.52660,1.52870,1.53100,1.53350,1.53620,1.53900,1.54190,1.54500,1.54810,1.55130,1.55450,1.55780,1.56120,1.56460,1.56800,1.57140,1.57480,1.57830,1.58180,1.58530,1.58870,1.59220,1.59570,1.59920,1.60260,1.60610,1.60950,1.61290,1.61640,1.61980,1.62310,1.62650,1.62990,1.63320,1.63650,1.63980,1.64310,1.64640,1.64960,1.65280,1.65600,1.65920,1.66240,1.66550,1.66860,1.67170,1.67480,1.67790,1.68090,1.68390,1.68690,1.68990,1.69290,1.69580,1.69870,1.70160,1.70450,1.70740,1.71020,1.71300,1.71580,1.71860,1.72140,1.72410,1.72690,1.72960,1.73230,1.73490,1.73760,1.74020,1.74290,1.74550,1.74810,1.75060,1.75320,1.75570,1.75820,1.76080,1.76320,1.76570},
				{0.00000,0.00000,0.00000,1.66210,1.62670,1.60050,1.58090,1.56590,1.55440,1.54560,1.53890,1.53380,1.53010,1.52750,1.52580,1.52490,1.52460,1.52480,1.52550,1.52660,1.52800,1.52960,1.53160,1.53370,1.53600,1.53850,1.54100,1.54380,1.54660,1.54950,1.55240,1.55550,1.55850,1.56170,1.56480,1.56800,1.57130,1.57450,1.57780,1.58100,1.58430,1.58760,1.59090,1.59420,1.59750,1.60070,1.60400,1.60730,1.61050,1.61380,1.61700,1.62020,1.62350,1.62670,1.62980,1.63300,1.63620,1.63930,1.64240,1.64550,1.64860,1.65170,1.65470,1.65780,1.66080,1.66380,1.66680,1.66970,1.67270,1.67560,1.67850,1.68140,1.68430,1.68710,1.69000,1.69280,1.69560,1.69840,1.70110,1.70390,1.70660,1.70930,1.71200,1.71470,1.71740,1.72000,1.72260,1.72530,1.72780,1.73040,1.73300,1.73550,1.73810,1.74060,1.74310,1.74560,1.74800,1.75050,1.75290,1.75530},
				{0.00000,0.00000,0.00000,1.67630,1.63950,1.61220,1.59150,1.57560,1.56320,1.55360,1.54610,1.54030,1.53590,1.53270,1.53040,1.52890,1.52810,1.52780,1.52800,1.52870,1.52960,1.53090,1.53240,1.53420,1.53620,1.53830,1.54060,1.54300,1.54550,1.54810,1.55080,1.55350,1.55640,1.55930,1.56220,1.56520,1.56820,1.57120,1.57420,1.57730,1.58040,1.58350,1.58660,1.58970,1.59280,1.59590,1.59910,1.60220,1.60530,1.60840,1.61150,1.61460,1.61760,1.62070,1.62380,1.62680,1.62980,1.63290,1.63590,1.63890,1.64180,1.64480,1.64770,1.65070,1.65360,1.65650,1.65940,1.66220,1.66510,1.66790,1.67080,1.67360,1.67630,1.67910,1.68190,1.68460,1.68730,1.69000,1.69270,1.69540,1.69810,1.70070,1.70330,1.70590,1.70850,1.71110,1.71370,1.71620,1.71880,1.72130,1.72380,1.72630,1.72870,1.73120,1.73360,1.73610,1.73850,1.74090,1.74330,1.74560},
				{0.00000,0.00000,0.00000,1.68990,1.65190,1.62360,1.60190,1.58510,1.57180,1.56140,1.55320,1.54680,1.54180,1.53790,1.53510,1.53310,1.53180,1.53100,1.53080,1.53100,1.53160,1.53240,1.53360,1.53500,1.53660,1.53840,1.54040,1.54250,1.54470,1.54710,1.54950,1.55200,1.55460,1.55730,1.56000,1.56270,1.56550,1.56830,1.57120,1.57410,1.57700,1.57990,1.58280,1.58580,1.58870,1.59170,1.59460,1.59760,1.60050,1.60350,1.60650,1.60940,1.61240,1.61530,1.61820,1.62110,1.62410,1.62700,1.62990,1.63270,1.63560,1.63850,1.64130,1.64410,1.64700,1.64980,1.65250,1.65530,1.65810,1.66080,1.66360,1.66630,1.66900,1.67170,1.67440,1.67700,1.67970,1.68230,1.68490,1.68750,1.69010,1.69270,1.69520,1.69780,1.70030,1.70280,1.70530,1.70780,1.71030,1.71280,1.71520,1.71760,1.72000,1.72240,1.72480,1.72720,1.72960,1.73190,1.73420,1.73660},
				{0.00000,0.00000,0.00000,1.70300,1.66400,1.63460,1.61200,1.59430,1.58030,1.56920,1.56030,1.55320,1.54760,1.54320,1.53990,1.53730,1.53550,1.53440,1.53370,1.53350,1.53370,1.53420,1.53500,1.53610,1.53740,1.53890,1.54060,1.54240,1.54430,1.54640,1.54860,1.55090,1.55320,1.55560,1.55810,1.56070,1.56320,1.56590,1.56850,1.57120,1.57400,1.57670,1.57950,1.58220,1.58500,1.58780,1.59060,1.59340,1.59630,1.59910,1.60190,1.60470,1.60750,1.61040,1.61320,1.61600,1.61880,1.62160,1.62430,1.62710,1.62990,1.63260,1.63540,1.63810,1.64080,1.64350,1.64620,1.64890,1.65160,1.65430,1.65690,1.65960,1.66220,1.66480,1.66740,1.67000,1.67260,1.67510,1.67770,1.68020,1.68270,1.68520,1.68770,1.69020,1.69270,1.69510,1.69750,1.70000,1.70240,1.70480,1.70720,1.70950,1.71190,1.71430,1.71660,1.71890,1.72120,1.72350,1.72580,1.72810},
				{0.00000,0.00000,0.00000,1.71570,1.67560,1.64530,1.62190,1.60340,1.58870,1.57680,1.56730,1.55960,1.55350,1.54850,1.54470,1.54170,1.53940,1.53780,1.53680,1.53620,1.53600,1.53620,1.53660,1.53740,1.53840,1.53960,1.54100,1.54250,1.54420,1.54600,1.54800,1.55000,1.55210,1.55430,1.55660,1.55900,1.56130,1.56380,1.56630,1.56880,1.57130,1.57390,1.57650,1.57910,1.58170,1.58440,1.58710,1.58970,1.59240,1.59510,1.59780,1.60050,1.60320,1.60590,1.60860,1.61120,1.61390,1.61660,1.61930,1.62200,1.62460,1.62730,1.62990,1.63260,1.63520,1.63780,1.64040,1.64300,1.64560,1.64820,1.65080,1.65330,1.65590,1.65840,1.66090,1.66340,1.66590,1.66840,1.67090,1.67340,1.67580,1.67820,1.68070,1.68310,1.68550,1.68790,1.69030,1.69260,1.69500,1.69730,1.69970,1.70200,1.70430,1.70660,1.70890,1.71110,1.71340,1.71560,1.71790,1.72010},
				{0.00000,0.00000,0.00000,1.72800,1.68700,1.65580,1.63150,1.61230,1.59680,1.58440,1.57420,1.56600,1.55930,1.55390,1.54950,1.54610,1.54340,1.54140,1.53990,1.53900,1.53850,1.53830,1.53840,1.53890,1.53960,1.54050,1.54160,1.54290,1.54440,1.54590,1.54760,1.54940,1.55140,1.55330,1.55540,1.55760,1.55970,1.56200,1.56430,1.56660,1.56900,1.57140,1.57390,1.57630,1.57880,1.58130,1.58390,1.58640,1.58890,1.59150,1.59400,1.59660,1.59920,1.60180,1.60430,1.60690,1.60950,1.61210,1.61460,1.61720,1.61980,1.62230,1.62490,1.62740,1.63000,1.63250,1.63500,1.63750,1.64000,1.64250,1.64500,1.64750,1.65000,1.65240,1.65490,1.65730,1.65970,1.66220,1.66460,1.66700,1.66940,1.67170,1.67410,1.67640,1.67880,1.68110,1.68340,1.68570,1.68800,1.69030,1.69260,1.69490,1.69710,1.69940,1.70160,1.70380,1.70600,1.70820,1.71040,1.71260},
				{0.00000,0.00000,0.00000,1.73990,1.69800,1.66600,1.64090,1.62100,1.60490,1.59180,1.58110,1.57230,1.56510,1.55920,1.55440,1.55050,1.54750,1.54510,1.54320,1.54190,1.54100,1.54060,1.54040,1.54060,1.54100,1.54160,1.54250,1.54350,1.54470,1.54610,1.54750,1.54910,1.55080,1.55260,1.55450,1.55640,1.55840,1.56050,1.56260,1.56480,1.56700,1.56930,1.57160,1.57390,1.57620,1.57860,1.58100,1.58340,1.58580,1.58820,1.59070,1.59310,1.59560,1.59800,1.60050,1.60300,1.60540,1.60790,1.61040,1.61280,1.61530,1.61780,1.62020,1.62270,1.62510,1.62760,1.63000,1.63240,1.63490,1.63730,1.63970,1.64210,1.64450,1.64690,1.64930,1.65160,1.65400,1.65630,1.65870,1.66100,1.66330,1.66560,1.66790,1.67020,1.67250,1.67480,1.67700,1.67930,1.68150,1.68380,1.68600,1.68820,1.69040,1.69260,1.69480,1.69690,1.69910,1.70130,1.70340,1.70550},
				{0.00000,0.00000,0.00000,1.75140,1.70860,1.67590,1.65010,1.62950,1.61280,1.59910,1.58790,1.57860,1.57090,1.56450,1.55930,1.55500,1.55160,1.54880,1.54660,1.54500,1.54380,1.54300,1.54250,1.54240,1.54250,1.54290,1.54350,1.54430,1.54530,1.54640,1.54770,1.54900,1.55050,1.55210,1.55380,1.55560,1.55740,1.55930,1.56130,1.56330,1.56530,1.56740,1.56960,1.57170,1.57390,1.57620,1.57840,1.58070,1.58300,1.58530,1.58760,1.58990,1.59230,1.59460,1.59700,1.59930,1.60170,1.60410,1.60640,1.60880,1.61120,1.61360,1.61590,1.61830,1.62070,1.62300,1.62540,1.62770,1.63010,1.63240,1.63470,1.63710,1.63940,1.64170,1.64400,1.64630,1.64860,1.65090,1.65320,1.65540,1.65770,1.65990,1.66220,1.66440,1.66660,1.66880,1.67100,1.67320,1.67540,1.67760,1.67980,1.68190,1.68410,1.68620,1.68840,1.69050,1.69260,1.69470,1.69680,1.69890},
				{0.00000,0.00000,0.00000,1.76260,1.71900,1.68550,1.65910,1.63780,1.62050,1.60630,1.59460,1.58480,1.57660,1.56980,1.56420,1.55950,1.55570,1.55260,1.55000,1.54810,1.54660,1.54550,1.54470,1.54430,1.54420,1.54440,1.54470,1.54530,1.54600,1.54690,1.54800,1.54910,1.55040,1.55180,1.55330,1.55490,1.55660,1.55830,1.56010,1.56200,1.56390,1.56580,1.56780,1.56990,1.57190,1.57400,1.57610,1.57830,1.58050,1.58260,1.58480,1.58710,1.58930,1.59150,1.59380,1.59600,1.59830,1.60060,1.60280,1.60510,1.60740,1.60970,1.61200,1.61420,1.61650,1.61880,1.62110,1.62330,1.62560,1.62790,1.63010,1.63240,1.63460,1.63690,1.63910,1.64130,1.64360,1.64580,1.64800,1.65020,1.65240,1.65460,1.65680,1.65890,1.66110,1.66330,1.66540,1.66760,1.66970,1.67180,1.67390,1.67600,1.67810,1.68020,1.68230,1.68440,1.68640,1.68850,1.69050,1.69260},
				{0.00000,0.00000,0.00000,1.77350,1.72910,1.69490,1.66780,1.64600,1.62820,1.61340,1.60120,1.59090,1.58230,1.57510,1.56910,1.56410,1.55990,1.55640,1.55350,1.55130,1.54950,1.54810,1.54710,1.54640,1.54600,1.54590,1.54610,1.54640,1.54690,1.54760,1.54850,1.54940,1.55050,1.55180,1.55310,1.55450,1.55600,1.55760,1.55920,1.56090,1.56270,1.56450,1.56630,1.56820,1.57020,1.57210,1.57410,1.57610,1.57820,1.58030,1.58230,1.58440,1.58660,1.58870,1.59090,1.59300,1.59520,1.59730,1.59950,1.60170,1.60390,1.60610,1.60830,1.61050,1.61270,1.61490,1.61710,1.61930,1.62150,1.62360,1.62580,1.62800,1.63020,1.63240,1.63450,1.63670,1.63890,1.64100,1.64320,1.64530,1.64740,1.64960,1.65170,1.65380,1.65590,1.65800,1.66010,1.66220,1.66430,1.66630,1.66840,1.67050,1.67250,1.67460,1.67660,1.67860,1.68060,1.68260,1.68470,1.68660},
				{0.00000,0.00000,0.00000,1.78400,1.73890,1.70410,1.67640,1.65400,1.63560,1.62040,1.60770,1.59700,1.58800,1.58040,1.57400,1.56860,1.56400,1.56020,1.55710,1.55450,1.55240,1.55080,1.54950,1.54860,1.54800,1.54760,1.54750,1.54770,1.54800,1.54850,1.54910,1.54990,1.55080,1.55190,1.55300,1.55430,1.55560,1.55700,1.55850,1.56010,1.56170,1.56330,1.56500,1.56680,1.56860,1.57050,1.57230,1.57420,1.57620,1.57810,1.58010,1.58210,1.58410,1.58610,1.58820,1.59020,1.59230,1.59440,1.59650,1.59860,1.60070,1.60280,1.60490,1.60700,1.60910,1.61120,1.61340,1.61550,1.61760,1.61970,1.62180,1.62390,1.62600,1.62810,1.63030,1.63240,1.63440,1.63650,1.63860,1.64070,1.64280,1.64490,1.64690,1.64900,1.65100,1.65310,1.65510,1.65720,1.65920,1.66120,1.66320,1.66520,1.66720,1.66920,1.67120,1.67320,1.67520,1.67710,1.67910,1.68100},
				{0.00000,0.00000,0.00000,1.79420,1.74850,1.71310,1.68480,1.66190,1.64300,1.62730,1.61410,1.60300,1.59360,1.58560,1.57890,1.57310,1.56820,1.56410,1.56070,1.55780,1.55550,1.55350,1.55200,1.55090,1.55000,1.54940,1.54910,1.54900,1.54910,1.54940,1.54990,1.55050,1.55130,1.55210,1.55310,1.55420,1.55540,1.55660,1.55800,1.55940,1.56090,1.56240,1.56400,1.56560,1.56730,1.56900,1.57080,1.57250,1.57440,1.57620,1.57810,1.58000,1.58190,1.58380,1.58580,1.58770,1.58970,1.59170,1.59370,1.59570,1.59770,1.59970,1.60180,1.60380,1.60580,1.60790,1.60990,1.61190,1.61400,1.61600,1.61810,1.62010,1.62220,1.62420,1.62620,1.62830,1.63030,1.63230,1.63440,1.63640,1.63840,1.64040,1.64240,1.64440,1.64640,1.64840,1.65040,1.65240,1.65440,1.65640,1.65830,1.66030,1.66220,1.66420,1.66610,1.66810,1.67000,1.67190,1.67380,1.67570},
				{0.00000,0.00000,0.00000,1.80420,1.75790,1.72180,1.69300,1.66960,1.65020,1.63410,1.62050,1.60890,1.59920,1.59080,1.58370,1.57760,1.57250,1.56800,1.56430,1.56120,1.55850,1.55640,1.55460,1.55320,1.55210,1.55140,1.55080,1.55050,1.55040,1.55050,1.55080,1.55130,1.55180,1.55250,1.55340,1.55430,1.55530,1.55640,1.55760,1.55890,1.56020,1.56160,1.56310,1.56460,1.56610,1.56770,1.56940,1.57110,1.57280,1.57450,1.57630,1.57810,1.57990,1.58170,1.58360,1.58540,1.58730,1.58920,1.59110,1.59300,1.59500,1.59690,1.59890,1.60080,1.60280,1.60470,1.60670,1.60870,1.61060,1.61260,1.61460,1.61660,1.61850,1.62050,1.62250,1.62450,1.62640,1.62840,1.63040,1.63230,1.63430,1.63630,1.63820,1.64020,1.64210,1.64410,1.64600,1.64790,1.64990,1.65180,1.65370,1.65560,1.65750,1.65940,1.66130,1.66320,1.66510,1.66700,1.66880,1.67070},
				{0.00000,0.00000,0.00000,1.81390,1.76700,1.73040,1.70110,1.67710,1.65730,1.64070,1.62670,1.61480,1.60470,1.59600,1.58850,1.58220,1.57670,1.57200,1.56800,1.56460,1.56170,1.55930,1.55730,1.55560,1.55430,1.55330,1.55260,1.55210,1.55180,1.55180,1.55190,1.55210,1.55250,1.55310,1.55370,1.55450,1.55540,1.55640,1.55740,1.55860,1.55980,1.56100,1.56240,1.56370,1.56520,1.56670,1.56820,1.56980,1.57140,1.57300,1.57470,1.57630,1.57810,1.57980,1.58160,1.58330,1.58510,1.58690,1.58880,1.59060,1.59250,1.59430,1.59620,1.59810,1.59990,1.60180,1.60370,1.60560,1.60750,1.60940,1.61130,1.61330,1.61520,1.61710,1.61900,1.62090,1.62280,1.62470,1.62660,1.62850,1.63040,1.63240,1.63430,1.63610,1.63800,1.63990,1.64180,1.64370,1.64560,1.64750,1.64930,1.65120,1.65310,1.65490,1.65680,1.65860,1.66040,1.66230,1.66410,1.66590},
				{0.00000,0.00000,0.00000,1.82340,1.77580,1.73870,1.70890,1.68450,1.66430,1.64730,1.63290,1.62060,1.61010,1.60110,1.59330,1.58670,1.58090,1.57590,1.57160,1.56800,1.56480,1.56220,1.56000,1.55810,1.55660,1.55540,1.55450,1.55380,1.55330,1.55310,1.55300,1.55310,1.55340,1.55370,1.55430,1.55490,1.55560,1.55640,1.55740,1.55840,1.55940,1.56060,1.56180,1.56310,1.56440,1.56580,1.56720,1.56860,1.57010,1.57170,1.57320,1.57480,1.57640,1.57810,1.57970,1.58140,1.58310,1.58490,1.58660,1.58840,1.59010,1.59190,1.59370,1.59550,1.59730,1.59910,1.60100,1.60280,1.60460,1.60650,1.60830,1.61020,1.61200,1.61390,1.61570,1.61760,1.61940,1.62130,1.62310,1.62500,1.62680,1.62870,1.63050,1.63240,1.63420,1.63600,1.63790,1.63970,1.64150,1.64340,1.64520,1.64700,1.64880,1.65060,1.65240,1.65420,1.65600,1.65780,1.65960,1.66140},
				{0.00000,0.00000,0.00000,1.83260,1.78450,1.74690,1.71660,1.69180,1.67110,1.65370,1.63900,1.62640,1.61550,1.60620,1.59810,1.59110,1.58510,1.57980,1.57530,1.57140,1.56800,1.56520,1.56270,1.56070,1.55900,1.55760,1.55640,1.55560,1.55490,1.55450,1.55430,1.55420,1.55430,1.55450,1.55490,1.55540,1.55600,1.55670,1.55740,1.55830,1.55930,1.56030,1.56140,1.56250,1.56370,1.56500,1.56630,1.56770,1.56910,1.57050,1.57200,1.57350,1.57500,1.57650,1.57810,1.57970,1.58130,1.58300,1.58460,1.58630,1.58800,1.58970,1.59140,1.59320,1.59490,1.59660,1.59840,1.60020,1.60190,1.60370,1.60550,1.60730,1.60900,1.61080,1.61260,1.61440,1.61620,1.61800,1.61980,1.62160,1.62340,1.62520,1.62700,1.62880,1.63060,1.63240,1.63420,1.63590,1.63770,1.63950,1.64130,1.64310,1.64480,1.64660,1.64840,1.65010,1.65190,1.65360,1.65540,1.65710},
				{0.00000,0.00000,0.00000,1.84150,1.79300,1.75490,1.72420,1.69890,1.67790,1.66010,1.64500,1.63200,1.62090,1.61120,1.60290,1.59560,1.58930,1.58380,1.57900,1.57480,1.57130,1.56820,1.56550,1.56320,1.56130,1.55970,1.55840,1.55740,1.55660,1.55600,1.55560,1.55540,1.55530,1.55540,1.55560,1.55600,1.55640,1.55700,1.55760,1.55840,1.55920,1.56010,1.56110,1.56210,1.56320,1.56440,1.56560,1.56690,1.56810,1.56950,1.57080,1.57230,1.57370,1.57520,1.57660,1.57820,1.57970,1.58130,1.58280,1.58440,1.58610,1.58770,1.58930,1.59100,1.59270,1.59430,1.59600,1.59770,1.59940,1.60110,1.60280,1.60460,1.60630,1.60800,1.60970,1.61150,1.61320,1.61500,1.61670,1.61840,1.62020,1.62190,1.62370,1.62540,1.62720,1.62890,1.63060,1.63240,1.63410,1.63590,1.63760,1.63930,1.64100,1.64280,1.64450,1.64620,1.64790,1.64960,1.65130,1.65310},
				{0.00000,0.00000,0.00000,1.85030,1.80130,1.76270,1.73160,1.70590,1.68450,1.66640,1.65090,1.63760,1.62620,1.61620,1.60760,1.60000,1.59350,1.58770,1.58270,1.57830,1.57450,1.57120,1.56830,1.56590,1.56380,1.56200,1.56050,1.55930,1.55830,1.55760,1.55700,1.55660,1.55640,1.55640,1.55640,1.55670,1.55700,1.55740,1.55800,1.55860,1.55930,1.56010,1.56090,1.56190,1.56290,1.56390,1.56500,1.56620,1.56740,1.56860,1.56990,1.57120,1.57250,1.57390,1.57530,1.57680,1.57820,1.57970,1.58120,1.58270,1.58430,1.58580,1.58740,1.58900,1.59060,1.59220,1.59380,1.59540,1.59710,1.59870,1.60040,1.60200,1.60370,1.60540,1.60700,1.60870,1.61040,1.61210,1.61380,1.61550,1.61720,1.61890,1.62060,1.62220,1.62390,1.62560,1.62730,1.62900,1.63070,1.63240,1.63410,1.63580,1.63750,1.63910,1.64080,1.64250,1.64420,1.64580,1.64750,1.64920},
				{0.00000,0.00000,0.00000,1.85890,1.80940,1.77040,1.73880,1.71280,1.69100,1.67250,1.65670,1.64320,1.63140,1.62120,1.61220,1.60450,1.59760,1.59160,1.58640,1.58180,1.57780,1.57420,1.57120,1.56850,1.56630,1.56430,1.56260,1.56130,1.56010,1.55920,1.55850,1.55800,1.55760,1.55740,1.55740,1.55740,1.55760,1.55800,1.55840,1.55890,1.55950,1.56020,1.56090,1.56170,1.56260,1.56360,1.56460,1.56560,1.56670,1.56790,1.56910,1.57030,1.57150,1.57280,1.57420,1.57550,1.57690,1.57830,1.57970,1.58120,1.58260,1.58410,1.58560,1.58710,1.58870,1.59020,1.59180,1.59330,1.59490,1.59650,1.59810,1.59970,1.60130,1.60290,1.60450,1.60610,1.60780,1.60940,1.61100,1.61270,1.61430,1.61600,1.61760,1.61930,1.62090,1.62250,1.62420,1.62580,1.62750,1.62910,1.63080,1.63240,1.63410,1.63570,1.63730,1.63900,1.64060,1.64220,1.64390,1.64550},
				{0.00000,0.00000,0.00000,1.86720,1.81730,1.77790,1.74600,1.71960,1.69740,1.67860,1.66250,1.64860,1.63660,1.62610,1.61690,1.60880,1.60180,1.59550,1.59010,1.58530,1.58100,1.57730,1.57410,1.57120,1.56880,1.56660,1.56480,1.56330,1.56200,1.56090,1.56010,1.55940,1.55890,1.55860,1.55840,1.55830,1.55840,1.55860,1.55890,1.55930,1.55980,1.56030,1.56100,1.56170,1.56250,1.56330,1.56420,1.56520,1.56620,1.56730,1.56840,1.56950,1.57070,1.57190,1.57310,1.57440,1.57570,1.57700,1.57840,1.57970,1.58110,1.58260,1.58400,1.58540,1.58690,1.58840,1.58990,1.59140,1.59290,1.59440,1.59590,1.59750,1.59900,1.60060,1.60220,1.60370,1.60530,1.60690,1.60850,1.61010,1.61160,1.61320,1.61480,1.61640,1.61800,1.61960,1.62120,1.62280,1.62440,1.62600,1.62760,1.62920,1.63080,1.63240,1.63400,1.63560,1.63720,1.63880,1.64040,1.64200},
				{0.00000,0.00000,0.00000,1.87540,1.82510,1.78530,1.75300,1.72620,1.70370,1.68460,1.66820,1.65400,1.64170,1.63090,1.62150,1.61320,1.60590,1.59940,1.59380,1.58870,1.58430,1.58040,1.57700,1.57400,1.57130,1.56900,1.56700,1.56530,1.56390,1.56270,1.56170,1.56090,1.56020,1.55980,1.55940,1.55930,1.55920,1.55930,1.55950,1.55980,1.56010,1.56060,1.56110,1.56180,1.56240,1.56320,1.56400,1.56490,1.56580,1.56680,1.56780,1.56880,1.56990,1.57100,1.57220,1.57340,1.57460,1.57590,1.57720,1.57850,1.57980,1.58110,1.58250,1.58390,1.58530,1.58670,1.58810,1.58960,1.59100,1.59250,1.59390,1.59540,1.59690,1.59840,1.59990,1.60150,1.60300,1.60450,1.60600,1.60760,1.60910,1.61070,1.61220,1.61380,1.61530,1.61690,1.61840,1.62000,1.62150,1.62310,1.62470,1.62620,1.62780,1.62930,1.63090,1.63250,1.63400,1.63560,1.63710,1.63870},
				{0.00000,0.00000,0.00000,1.88340,1.83260,1.79250,1.75980,1.73270,1.70990,1.69050,1.67380,1.65930,1.64670,1.63570,1.62600,1.61750,1.61000,1.60330,1.59740,1.59220,1.58760,1.58350,1.57990,1.57670,1.57390,1.57140,1.56930,1.56740,1.56580,1.56450,1.56330,1.56240,1.56160,1.56100,1.56060,1.56030,1.56010,1.56010,1.56020,1.56030,1.56060,1.56090,1.56140,1.56190,1.56250,1.56320,1.56390,1.56460,1.56550,1.56640,1.56730,1.56830,1.56930,1.57030,1.57140,1.57250,1.57370,1.57490,1.57610,1.57730,1.57850,1.57980,1.58110,1.58240,1.58380,1.58510,1.58650,1.58790,1.58930,1.59070,1.59210,1.59350,1.59500,1.59640,1.59790,1.59930,1.60080,1.60230,1.60380,1.60530,1.60670,1.60820,1.60970,1.61120,1.61280,1.61430,1.61580,1.61730,1.61880,1.62030,1.62180,1.62340,1.62490,1.62640,1.62790,1.62940,1.63100,1.63250,1.63400,1.63550},
				{0.00000,0.00000,0.00000,1.89120,1.84010,1.79960,1.76660,1.73910,1.71600,1.69630,1.67930,1.66460,1.65170,1.64050,1.63060,1.62180,1.61410,1.60720,1.60110,1.59570,1.59090,1.58660,1.58280,1.57950,1.57650,1.57390,1.57160,1.56960,1.56780,1.56630,1.56500,1.56400,1.56310,1.56240,1.56180,1.56140,1.56110,1.56090,1.56090,1.56100,1.56110,1.56140,1.56170,1.56220,1.56260,1.56320,1.56380,1.56450,1.56530,1.56610,1.56690,1.56780,1.56870,1.56970,1.57070,1.57180,1.57280,1.57390,1.57510,1.57620,1.57740,1.57860,1.57990,1.58110,1.58240,1.58370,1.58500,1.58630,1.58770,1.58900,1.59040,1.59170,1.59310,1.59450,1.59590,1.59730,1.59880,1.60020,1.60160,1.60310,1.60450,1.60600,1.60740,1.60890,1.61030,1.61180,1.61330,1.61470,1.61620,1.61770,1.61920,1.62070,1.62210,1.62360,1.62510,1.62660,1.62810,1.62950,1.63100,1.63250},
				{0.00000,0.00000,0.00000,1.89880,1.84740,1.80650,1.77320,1.74540,1.72200,1.70200,1.68480,1.66980,1.65670,1.64520,1.63510,1.62610,1.61810,1.61110,1.60480,1.59920,1.59420,1.58970,1.58580,1.58220,1.57910,1.57630,1.57390,1.57170,1.56990,1.56820,1.56680,1.56560,1.56460,1.56370,1.56310,1.56250,1.56210,1.56190,1.56170,1.56170,1.56180,1.56190,1.56220,1.56250,1.56290,1.56340,1.56390,1.56450,1.56520,1.56590,1.56660,1.56740,1.56830,1.56920,1.57010,1.57110,1.57210,1.57310,1.57420,1.57530,1.57640,1.57760,1.57870,1.57990,1.58120,1.58240,1.58360,1.58490,1.58620,1.58750,1.58880,1.59010,1.59140,1.59280,1.59410,1.59550,1.59690,1.59820,1.59960,1.60100,1.60240,1.60380,1.60520,1.60660,1.60810,1.60950,1.61090,1.61230,1.61380,1.61520,1.61660,1.61810,1.61950,1.62100,1.62240,1.62390,1.62530,1.62680,1.62820,1.62960},
				{0.00000,0.00000,0.00000,1.90630,1.85450,1.81330,1.77970,1.75160,1.72790,1.70770,1.69020,1.67490,1.66160,1.64990,1.63950,1.63030,1.62220,1.61490,1.60840,1.60260,1.59750,1.59280,1.58870,1.58500,1.58170,1.57880,1.57620,1.57390,1.57190,1.57020,1.56860,1.56730,1.56610,1.56520,1.56440,1.56370,1.56320,1.56290,1.56260,1.56250,1.56240,1.56250,1.56260,1.56290,1.56320,1.56360,1.56400,1.56450,1.56510,1.56580,1.56640,1.56720,1.56800,1.56880,1.56960,1.57050,1.57150,1.57240,1.57340,1.57450,1.57550,1.57660,1.57770,1.57890,1.58000,1.58120,1.58240,1.58360,1.58480,1.58600,1.58730,1.58860,1.58980,1.59110,1.59240,1.59370,1.59510,1.59640,1.59770,1.59910,1.60040,1.60180,1.60320,1.60450,1.60590,1.60730,1.60870,1.61010,1.61150,1.61280,1.61420,1.61560,1.61710,1.61850,1.61990,1.62130,1.62270,1.62410,1.62550,1.62690},
				{0.00000,0.00000,0.00000,1.91370,1.86150,1.82000,1.78600,1.75770,1.73380,1.71320,1.69550,1.68000,1.66640,1.65450,1.64390,1.63450,1.62620,1.61870,1.61200,1.60610,1.60070,1.59590,1.59170,1.58780,1.58440,1.58130,1.57860,1.57620,1.57400,1.57210,1.57050,1.56900,1.56770,1.56670,1.56580,1.56500,1.56440,1.56390,1.56360,1.56330,1.56320,1.56320,1.56320,1.56340,1.56360,1.56390,1.56420,1.56470,1.56520,1.56570,1.56630,1.56700,1.56770,1.56840,1.56920,1.57010,1.57090,1.57180,1.57280,1.57370,1.57470,1.57580,1.57680,1.57790,1.57900,1.58010,1.58120,1.58240,1.58350,1.58470,1.58590,1.58710,1.58840,1.58960,1.59080,1.59210,1.59340,1.59470,1.59600,1.59730,1.59860,1.59990,1.60120,1.60250,1.60390,1.60520,1.60660,1.60790,1.60930,1.61060,1.61200,1.61330,1.61470,1.61610,1.61740,1.61880,1.62020,1.62160,1.62290,1.62430},
				{0.00000,0.00000,0.00000,1.92090,1.86840,1.82660,1.79230,1.76370,1.73950,1.71870,1.70070,1.68500,1.67120,1.65900,1.64830,1.63870,1.63010,1.62250,1.61560,1.60950,1.60400,1.59910,1.59460,1.59060,1.58710,1.58390,1.58100,1.57840,1.57610,1.57410,1.57230,1.57080,1.56940,1.56820,1.56720,1.56630,1.56560,1.56500,1.56460,1.56420,1.56400,1.56390,1.56380,1.56390,1.56400,1.56420,1.56450,1.56490,1.56530,1.56580,1.56630,1.56690,1.56750,1.56820,1.56890,1.56970,1.57050,1.57130,1.57220,1.57310,1.57400,1.57500,1.57600,1.57700,1.57800,1.57910,1.58020,1.58120,1.58240,1.58350,1.58460,1.58580,1.58700,1.58820,1.58940,1.59060,1.59180,1.59310,1.59430,1.59560,1.59680,1.59810,1.59940,1.60070,1.60200,1.60330,1.60460,1.60590,1.60720,1.60850,1.60980,1.61110,1.61250,1.61380,1.61510,1.61650,1.61780,1.61920,1.62050,1.62180},
				{0.00000,0.00000,0.00000,1.92790,1.87510,1.83300,1.79850,1.76960,1.74510,1.72410,1.70590,1.68990,1.67590,1.66360,1.65260,1.64280,1.63410,1.62630,1.61920,1.61290,1.60730,1.60220,1.59760,1.59340,1.58970,1.58640,1.58340,1.58070,1.57830,1.57610,1.57420,1.57250,1.57110,1.56980,1.56860,1.56770,1.56690,1.56620,1.56560,1.56520,1.56490,1.56460,1.56450,1.56450,1.56450,1.56470,1.56490,1.56520,1.56550,1.56590,1.56640,1.56690,1.56740,1.56800,1.56870,1.56940,1.57010,1.57090,1.57170,1.57250,1.57340,1.57430,1.57520,1.57620,1.57720,1.57820,1.57920,1.58020,1.58130,1.58240,1.58350,1.58460,1.58570,1.58690,1.58800,1.58920,1.59040,1.59150,1.59270,1.59400,1.59520,1.59640,1.59760,1.59890,1.60010,1.60140,1.60270,1.60390,1.60520,1.60650,1.60780,1.60910,1.61040,1.61170,1.61290,1.61430,1.61560,1.61690,1.61820,1.61950},
				{0.00000,0.00000,0.00000,1.93480,1.88170,1.83930,1.80460,1.77540,1.75070,1.72940,1.71100,1.69480,1.68060,1.66800,1.65690,1.64690,1.63800,1.63000,1.62280,1.61640,1.61050,1.60530,1.60050,1.59630,1.59240,1.58890,1.58580,1.58300,1.58050,1.57820,1.57620,1.57440,1.57280,1.57140,1.57010,1.56910,1.56810,1.56740,1.56670,1.56620,1.56580,1.56550,1.56530,1.56520,1.56510,1.56520,1.56530,1.56550,1.56580,1.56610,1.56650,1.56690,1.56740,1.56790,1.56850,1.56920,1.56980,1.57050,1.57130,1.57210,1.57290,1.57370,1.57460,1.57550,1.57640,1.57730,1.57830,1.57930,1.58030,1.58130,1.58240,1.58350,1.58450,1.58560,1.58670,1.58790,1.58900,1.59010,1.59130,1.59250,1.59360,1.59480,1.59600,1.59720,1.59840,1.59970,1.60090,1.60210,1.60330,1.60460,1.60580,1.60710,1.60830,1.60960,1.61090,1.61210,1.61340,1.61470,1.61600,1.61720},
